0.354778 0.408419
0.405297 0.448247
0.317382 0.385171
0.352266 0.401940
0.366265 0.388369
0.468615 0.448379
0.469431 0.449262
0.420837 0.446631
0.312769 0.411431
0.312785 0.411409
0.370541 0.372862
0.404402 0.424457
0.492369 0.451125
0.303415 0.423904
0.475559 0.429517
0.322595 0.354419
0.393181 0.382664
0.398360 0.410188
0.407645 0.425972
0.407733 0.426058
0.389891 0.440942
0.376655 0.414145
0.321204 0.357542
0.386925 0.389244
0.366300 0.411156
0.427736 0.452820
0.339562 0.401443
0.420749 0.390769
0.483771 0.455023
0.487968 0.404407
0.481237 0.450475
0.450400 0.413748
0.295764 0.408481
0.371329 0.401097
0.334474 0.437593
0.363633 0.401991
0.390870 0.398023
0.308747 0.421978
0.489125 0.414990
0.330991 0.422770
0.484159 0.443188
0.467346 0.448720
0.304601 0.396550
0.360687 0.410828
0.384172 0.385858
0.407015 0.405602
0.408706 0.405303
0.483712 0.414615
0.493743 0.440249
0.373576 0.427927
0.493676 0.451852
0.349289 0.364443
0.471570 0.442856
0.288945 0.416050
0.391421 0.399214
0.342961 0.434265
0.384018 0.426650
0.456993 0.437654
0.297149 0.429243
0.375072 0.389565
0.372007 0.394218
0.378449 0.385321
0.379339 0.388456
0.468498 0.401534
0.491861 0.422547
0.392872 0.393921